Max=2.4995497873022234
Min=-4.594055063577584
